K4 Mo4 P4 O24
1.0
   0.0000000000000000    6.2123319099999996    7.7617657299999996
   5.5885303300000002    0.0000000000000000    7.7617657299999996
   5.5885303300000002    6.2123319099999996    0.0000000000000000
K Mo P O
4 4 4 24
direct
   0.2817682500000000    0.7182317499999999    0.7182317499999999 K
   0.7182317499999999    0.2817682500000000    0.2817682500000000 K
   0.9682317499999999    0.5317682500000001    0.5317682500000001 K
   0.5317682500000001    0.9682317499999999    0.9682317499999999 K
   0.2205753100000000    0.7794246900000000    0.2205753100000000 Mo
   0.7794246900000000    0.2205753100000000    0.7794246900000000 Mo
   0.0294246900000000    0.4705753100000000    0.0294246900000000 Mo
   0.4705753100000000    0.0294246900000000    0.4705753100000000 Mo
   0.1164684300000000    0.1164684300000000    0.3835315700000000 P
   0.3835315700000000    0.3835315700000000    0.1164684300000000 P
   0.1335315700000000    0.1335315700000000    0.8664684300000000 P
   0.8664684300000000    0.8664684300000000    0.1335315700000000 P
   0.1832691000000000    0.6599443300000000    0.4349286400000000 O
   0.7218579300000000    0.4349286400000000    0.6599443300000000 O
   0.4349286400000000    0.7218579300000000    0.1832691000000000 O
   0.6599443300000000    0.1832691000000000    0.7218579300000000 O
   0.0667309000000000    0.5900556700000000    0.8150713600000000 O
   0.5281420700000000    0.8150713600000000    0.5900556700000000 O
   0.8150713600000000    0.5281420700000000    0.0667309000000000 O
   0.5900556700000000    0.0667309000000000    0.5281420700000000 O
   0.2969551300000000    0.5933153700000000    0.0889706300000000 O
   0.0207578700000000    0.0889706300000000    0.5933153700000000 O
   0.0889706300000000    0.0207578700000000    0.2969551300000000 O
   0.5933153700000000    0.2969551300000000    0.0207578700000000 O
   0.3539973600000000    0.3065965600000000    0.3188164000000000 O
   0.0205896800000000    0.3188164000000000    0.3065965600000000 O
   0.3188164000000000    0.0205896800000000    0.3539973600000000 O
   0.3065965600000000    0.3539973600000000    0.0205896800000000 O
   0.8960026400000000    0.9434034400000000    0.9311836000000000 O
   0.2294103200000000    0.9311836000000000    0.9434034400000000 O
   0.9311836000000000    0.2294103200000000    0.8960026400000000 O
   0.9434034400000000    0.8960026400000000    0.2294103200000000 O
   0.6566846300000000    0.9530448700000000    0.2292421300000000 O
   0.1610293700000000    0.2292421300000000    0.9530448700000000 O
   0.2292421300000000    0.1610293700000000    0.6566846300000000 O
   0.9530448700000000    0.6566846300000000    0.1610293700000000 O
