Cs4 Mo4 P4 O24
1.0
   0.0000000000000000    6.3691782699999999    8.0555516199999992
   5.5188802700000004    0.0000000000000000    8.0555516199999992
   5.5188802700000004    6.3691782699999999    0.0000000000000000
Cs Mo P O
4 4 4 24
direct
   0.8067836500000000    0.1932163500000000    0.1932163500000000 Cs
   0.1932163500000000    0.8067836500000000    0.8067836500000000 Cs
   0.4432163500000000    0.0567836500000000    0.0567836500000000 Cs
   0.0567836500000000    0.4432163500000000    0.4432163500000000 Cs
   0.2830450200000000    0.7169549800000000    0.2830450200000000 Mo
   0.7169549800000000    0.2830450200000000    0.7169549800000000 Mo
   0.5330450200000000    0.9669549800000000    0.5330450200000000 Mo
   0.9669549800000000    0.5330450200000000    0.9669549800000000 Mo
   0.6294955300000000    0.6294955300000000    0.3705044700000000 P
   0.3705044700000000    0.3705044700000000    0.6294955300000000 P
   0.6205044700000000    0.6205044700000000    0.8794955300000000 P
   0.8794955300000000    0.8794955300000000    0.6205044700000000 P
   0.4311926900000000    0.7245712500000000    0.3965244000000000 O
   0.4477116600000000    0.3965244000000000    0.7245712500000000 O
   0.3965244000000000    0.4477116600000000    0.4311926900000000 O
   0.7245712500000000    0.4311926900000000    0.4477116600000000 O
   0.8188073100000000    0.5254287500000000    0.8534756000000000 O
   0.8022883400000000    0.8534756000000000    0.5254287500000000 O
   0.8534756000000000    0.8022883400000000    0.8188073100000000 O
   0.5254287500000000    0.8188073100000000    0.8022883400000000 O
   0.0860096200000000    0.7900130200000000    0.5204341200000000 O
   0.6035432500000000    0.5204341200000000    0.7900130200000000 O
   0.5204341200000000    0.6035432500000000    0.0860096200000000 O
   0.7900130200000000    0.0860096200000000    0.6035432500000000 O
   0.3134787200000000    0.0459066200000000    0.5791661200000000 O
   0.0614475300000000    0.5791661200000000    0.0459066200000000 O
   0.5791661200000000    0.0614475300000000    0.3134787200000000 O
   0.0459066200000000    0.3134787200000000    0.0614475300000000 O
   0.9365212800000000    0.2040933800000000    0.6708338800000000 O
   0.1885524700000000    0.6708338800000000    0.2040933800000000 O
   0.1639903800000000    0.4599869800000000    0.7295658800000000 O
   0.2040933800000000    0.9365212800000000    0.1885524700000000 O
   0.4599869800000000    0.1639903800000000    0.6464567500000000 O
   0.7295658800000000    0.6464567500000000    0.1639903800000000 O
   0.6464567500000000    0.7295658800000000    0.4599869800000000 O
   0.6708338800000000    0.1885524700000000    0.9365212800000000 O
