Tl4 Mo4 P4 O24
1.0
   0.0000000000000000    6.2646004099999999    7.8606647399999998
   5.4824324200000003    0.0000000000000000    7.8606647399999998
   5.4824324200000003    6.2646004099999999    0.0000000000000000
Tl Mo P O
4 4 4 24
direct
   0.2922057900000000    0.7077942100000000    0.7077942100000000 Tl
   0.7077942100000000    0.2922057900000000    0.2922057900000000 Tl
   0.9577942100000000    0.5422057900000000    0.5422057900000000 Tl
   0.5422057900000000    0.9577942100000000    0.9577942100000000 Tl
   0.7820584500000000    0.2179415500000000    0.7820584500000000 Mo
   0.2179415500000000    0.7820584500000000    0.2179415500000000 Mo
   0.4679415500000000    0.0320584500000000    0.4679415500000000 Mo
   0.0320584500000000    0.4679415500000000    0.0320584500000000 Mo
   0.1313294000000000    0.1313294000000000    0.8686706000000000 P
   0.8686706000000000    0.8686706000000000    0.1313294000000000 P
   0.1186706000000000    0.1186706000000000    0.3813294000000000 P
   0.3813294000000000    0.3813294000000000    0.1186706000000000 P
   0.9278566900000000    0.2288983400000000    0.9038734800000000 O
   0.9393704899999999    0.9038734800000000    0.2288983400000000 O
   0.9038734800000000    0.9393704899999999    0.9278566900000000 O
   0.2288983400000000    0.9278566900000000    0.9393704899999999 O
   0.3221433100000000    0.0211016600000000    0.3461265200000000 O
   0.3106295100000000    0.3461265200000000    0.0211016600000000 O
   0.3461265200000000    0.3106295100000000    0.3221433100000000 O
   0.0211016600000000    0.3221433100000000    0.3106295100000000 O
   0.5919911500000000    0.2923557500000000    0.0258844300000000 O
   0.0897686700000000    0.0258844300000000    0.2923557500000000 O
   0.0258844300000000    0.0897686700000000    0.5919911500000000 O
   0.2923557500000000    0.5919911500000000    0.0897686700000000 O
   0.8151508700000000    0.5329032300000000    0.0733745800000000 O
   0.5785703200000000    0.0733745800000000    0.5329032300000000 O
   0.0733745800000000    0.5785703200000000    0.8151508700000000 O
   0.5329032300000000    0.8151508700000000    0.5785703200000000 O
   0.4348491300000000    0.7170967700000000    0.1766254200000000 O
   0.6714296800000000    0.1766254200000000    0.7170967700000000 O
   0.1766254200000000    0.6714296800000000    0.4348491300000000 O
   0.7170967700000000    0.4348491300000000    0.6714296800000000 O
   0.9576442500000000    0.6580088500000000    0.1602313300000000 O
   0.2241155700000000    0.1602313300000000    0.6580088500000000 O
   0.1602313300000000    0.2241155700000000    0.9576442500000000 O
   0.6580088500000000    0.9576442500000000    0.2241155700000000 O
