Rb4 Mo4 As4 O24
1.0
   0.0000000000000000    6.4352798099999999    8.1536306100000004
   5.5760085600000000    0.0000000000000000    8.1536306100000004
   5.5760085600000000    6.4352798099999999    0.0000000000000000
Rb Mo As O
4 4 4 24
direct
   0.7991476900000000    0.2008523100000000    0.2008523100000000 Rb
   0.4508523100000000    0.0491476900000000    0.0491476900000000 Rb
   0.2008523100000000    0.7991476900000000    0.7991476900000000 Rb
   0.0491476900000000    0.4508523100000000    0.4508523100000000 Rb
   0.7199539300000000    0.2800460700000000    0.7199539300000000 Mo
   0.2800460700000000    0.7199539300000000    0.2800460700000000 Mo
   0.5300460700000000    0.9699539300000000    0.5300460700000000 Mo
   0.9699539300000000    0.5300460700000000    0.9699539300000000 Mo
   0.6285183900000000    0.6285183900000000    0.3714816100000000 As
   0.3714816100000000    0.3714816100000000    0.6285183900000000 As
   0.8785183900000000    0.8785183900000000    0.6214816100000000 As
   0.6214816100000000    0.6214816100000000    0.8785183900000000 As
   0.6819319000000000    0.1705455900000000    0.9299232100000000 O
   0.2175992900000000    0.9299232100000000    0.1705455900000000 O
   0.9299232100000000    0.2175992900000000    0.6819319000000000 O
   0.1705455900000000    0.6819319000000000    0.2175992900000000 O
   0.5680681000000000    0.0794544100000000    0.3200767900000000 O
   0.0324007100000000    0.3200767900000000    0.0794544100000000 O
   0.3200767900000000    0.0324007100000000    0.5680681000000000 O
   0.0794544100000000    0.5680681000000000    0.0324007100000000 O
   0.7855946200000000    0.1056897900000000    0.5844376100000001 O
   0.5242789800000000    0.5844376100000001    0.1056897900000000 O
   0.5844376100000001    0.5242789800000000    0.7855946200000000 O
   0.1056897900000000    0.7855946200000000    0.5242789800000000 O
   0.8404132400000000    0.8081851400000000    0.8410580600000001 O
   0.5103435600000000    0.8410580600000001    0.8081851400000000 O
   0.8410580600000001    0.5103435600000000    0.8404132400000000 O
   0.8081851400000000    0.8404132400000000    0.5103435600000000 O
   0.4095867600000000    0.4418148600000000    0.4089419400000000 O
   0.7396564400000000    0.4089419400000000    0.4418148600000000 O
   0.4089419400000000    0.7396564400000000    0.4095867600000000 O
   0.4418148600000000    0.4095867600000000    0.7396564400000000 O
   0.1443102100000000    0.4644053800000000    0.7257210200000000 O
   0.6655623899999999    0.7257210200000000    0.4644053800000000 O
   0.7257210200000000    0.6655623899999999    0.1443102100000000 O
   0.4644053800000000    0.1443102100000000    0.6655623899999999 O
