Rb4 Mo4 P4 O24
1.0
   0.0000000000000000    6.2499042600000001    7.9022700099999996
   5.5369252400000004    0.0000000000000000    7.9022700099999996
   5.5369252400000004    6.2499042600000001    0.0000000000000000
Rb Mo P O
4 4 4 24
direct
   0.7954996400000000    0.2045003600000000    0.2045003600000000 Rb
   0.2045003600000000    0.7954996400000000    0.7954996400000000 Rb
   0.4545003600000000    0.0454996400000000    0.0454996400000000 Rb
   0.0454996400000000    0.4545003600000000    0.4545003600000000 Rb
   0.9694969200000000    0.5305030800000000    0.9694969200000000 Mo
   0.5305030800000000    0.9694969200000000    0.5305030800000000 Mo
   0.2805030800000000    0.7194969200000000    0.2805030800000000 Mo
   0.7194969200000000    0.2805030800000000    0.7194969200000000 Mo
   0.3684022700000000    0.3684022700000000    0.6315977300000000 P
   0.6315977300000000    0.6315977300000000    0.3684022700000000 P
   0.8815977300000000    0.8815977300000000    0.6184022700000000 P
   0.6184022700000000    0.6184022700000000    0.8815977300000000 P
   0.1594429100000000    0.4564948900000000    0.7283975300000000 O
   0.6556656600000000    0.7283975300000000    0.4564948900000000 O
   0.7283975300000000    0.6556656600000000    0.1594429100000000 O
   0.4564948900000000    0.1594429100000000    0.6556656600000000 O
   0.0905570900000000    0.7935051100000000    0.5216024700000000 O
   0.5943343400000000    0.5216024700000000    0.7935051100000000 O
   0.5216024700000000    0.5943343400000000    0.0905570900000000 O
   0.7935051100000000    0.0905570900000000    0.5943343400000000 O
   0.4441795600000000    0.3972786400000000    0.7283940800000001 O
   0.4301477200000000    0.7283940800000001    0.3972786400000000 O
   0.7283940800000001    0.4301477200000000    0.4441795600000000 O
   0.3972786400000000    0.4441795600000000    0.4301477200000000 O
   0.8058204400000000    0.8527213600000000    0.5216059199999999 O
   0.8198522800000000    0.5216059199999999    0.8527213600000000 O
   0.5216059199999999    0.8198522800000000    0.8058204400000000 O
   0.8527213600000000    0.8058204400000000    0.8198522800000000 O
   0.0781180000000000    0.5710729600000000    0.0377340300000000 O
   0.3130750200000000    0.0377340300000000    0.5710729600000000 O
   0.0377340300000000    0.3130750200000000    0.0781180000000000 O
   0.5710729600000000    0.0781180000000000    0.3130750200000000 O
   0.1718820000000000    0.6789270400000000    0.2122659700000000 O
   0.9369249800000000    0.2122659700000000    0.6789270400000000 O
   0.2122659700000000    0.9369249800000000    0.1718820000000000 O
   0.6789270400000000    0.1718820000000000    0.9369249800000000 O
